GATE_SM_GW: 377.0001,-84.33334,226,-6.666654,2,0
GATE_SU_SM: -252,-92.33334,-246,11.33335,2,0
SM_Bucket: 168,-83.33334,71,2.333346,1,1
SM_Hook: -39.99997,-87.33334,-60,2.333346,1,1
SM_Tower: 196,131.6667,115,160.3333,0,1
OffScreenDen_SM: -449,215.6667,-106,-169.6667,1,1
Connection: GATE_SM_GW,SM_Bucket,2,9,41,13,2,0
Connection: GATE_SU_SM,SM_Hook,45,9,2,18,0,2
Connection: SM_Bucket,SM_Tower,37,31,14,8,1,3
Connection: SM_Bucket,SM_Hook,6,16,44,14,2,0
